600	1	1000	60.000000	55.000000	40.000000	1	12.828745	76972.468000	21.567848	129407.089000	9.921940	99219.402000	0.000000	0.000000	10.000000
600	1	1000	60.000000	55.000000	40.000000	1	6.852520	41115.124000	16.396845	98381.070000	6.873497	68734.977000	0.000000	0.000000	10.000000
600	1	1000	60.000000	55.000000	40.000000	1	32.662144	195972.856000	31.339319	188035.921000	30.550997	305509.977000	0.000000	0.000000	10.000000
600	1	1000	60.000000	55.000000	40.000000	1	600	1	100	60.000000	55.000000	40.000000	45	112.014969	672089.825000	471.892151	2831352.928000	113.883141	113883.139000	0.000000	0.000000	24.100000
600	1	100	60.000000	55.000000	40.000000	45	79.326210	475957.280000	408.365692	2450194.140000	79.153938	79153.936000	0.000000	0.000000	26.300000
600	1	100	60.000000	55.000000	40.000000	45	127.035263	762211.581000	509.848053	3059088.249000	118.056404	118056.405000	0.000000	0.000000	26.800000
600	1	100	60.000000	55.000000	40.000000	45	600	1	100	60.000000	55.000000	40.000000	45	111.034843	666209.082000	474.768005	2848607.974000	111.145020	111145.016000	0.000000	0.000000	29.000000
600	1	100	60.000000	55.000000	40.000000	45	80.204880	481229.295000	405.141907	2430851.483000	78.826195	78826.195000	0.000000	0.000000	31.400000
600	1	100	60.000000	55.000000	40.000000	45	140.469452	842816.686000	529.151367	3174908.319000	108.546165	108546.162000	0.000000	0.000000	28.100000
600	1	100	60.000000	55.000000	40.000000	45	114.039932	684239.571000	474.724792	2848348.766000	116.033051	116033.052000	0.000000	0.000000	15.400000
600	1	100	60.000000	55.000000	40.000000	45	